#"Progress (%)"	"Step"	"Potential Energy (kJ/mole)"	"Temperature (K)"	"Speed (ns/day)"
0.2%	1	-2871582.9052796513	300.35310322879195	0
0.4%	2	-2871377.9052796513	300.413016114893	0.081
0.6%	3	-2870718.9052796513	300.2448597462883	0.0717
0.8%	4	-2870293.9052796513	300.0358238247177	0.0738
1.0%	5	-2870653.9052796513	300.02949411047797	0.0753
1.2%	6	-2871671.9052796513	300.312730355599	0.076
1.4%	7	-2872148.9052796513	300.6472056453811	0.0768
1.6%	8	-2871436.9052796513	300.633998862813	0.0775
1.8%	9	-2870305.9052796513	300.2338650260569	0.0755
2.0%	10	-2869831.9052796513	299.8516100375757	0.0759
2.2%	11	-2870497.9052796513	299.8988421444248	0.0761
2.4%	12	-2871369.9052796513	300.355967024598	0.0765
2.6%	13	-2871628.9052796513	300.6230862263994	0.0769
2.8%	14	-2871164.9052796513	300.5817837692676	0.0757
3.0%	15	-2870600.9052796513	300.30995471244927	0.0759
3.2%	16	-2870635.9052796513	300.09810583598346	0.0761
3.4%	17	-2871057.9052796513	300.24857265053413	0.0763
3.6%	18	-2871079.9052796513	300.34804061894084	0.0765
3.8%	19	-2870698.9052796513	300.3115988523358	0.0766
4.0%	20	-2870127.9052796513	300.10955668549417	0.0768
4.2%	21	-2870201.9052796513	299.99257986859595	0.077
4.4%	22	-2870721.9052796513	300.2176570850213	0.0771
4.6%	23	-2870935.9052796513	300.37880043849185	0.0773
4.8%	24	-2870587.9052796513	300.30861041567096	0.0766
5.0%	25	-2870035.9052796513	300.10505973833534	0.0767
5.2%	26	-2869928.9052796513	299.9528906506499	0.0767
5.4%	27	-2870437.9052796513	300.0482174093124	0.0768
5.6%	28	-2870829.9052796513	300.2517046834163	0.0769
5.8%	29	-2870881.9052796513	300.2457538857228	0.0769
6.0%	30	-2870751.9052796513	300.2014319369402	0.077
6.2%	31	-2871097.9052796513	300.25317781353965	0.0771
6.4%	32	-2871716.9052796513	300.4109306327097	0.0772
6.6%	33	-2871933.9052796513	300.58059454859415	0.0773
6.8%	34	-2871749.9052796513	300.5916428329288	0.0773
7.0%	35	-2871406.9052796513	300.39622031359175	0.0769
7.2%	36	-2870939.9052796513	300.27563912776947	0.0769
7.4%	37	-2870299.9052796513	300.1013592634373	0.077
7.6%	38	-2869445.9052796513	299.735877782593	0.077
7.8%	39	-2869084.9052796513	299.48742234917773	0.0771
8.0%	40	-2869569.9052796513	299.4903046704617	0.0772
8.2%	41	-2870337.9052796513	299.73024920059964	0.0772
8.4%	42	-2870933.9052796513	300.040254806597	0.0773
8.6%	43	-2871084.9052796513	300.1585966385725	0.0774
8.8%	44	-2871221.9052796513	300.0721754624786	0.0771
9.0%	45	-2871578.9052796513	300.2054281882695	0.0771
9.2%	46	-2871626.9052796513	300.2410917973419	0.0771
9.4%	47	-2871395.9052796513	300.1772001838953	0.0772
9.6%	48	-2871171.9052796513	300.1542872008492	0.0772
9.8%	49	-2871074.9052796513	300.14483653228115	0.0773
10.0%	50	-2871383.5410304293	300.22801232647396	0.0773
10.2%	51	-2871587.5410304293	300.213746982993	0.0774
10.4%	52	-2871853.5410304293	300.23837404986983	0.0771
10.6%	53	-2872201.5410304293	300.31612333650344	0.0771
10.8%	54	-2872371.5410304293	300.30346578858	0.0771
11.0%	55	-2872594.5410304293	300.3707585890087	0.0771
11.2%	56	-2872837.5410304293	300.50189556172575	0.0772
11.4%	57	-2872767.5410304293	300.5196612027126	0.0772
11.6%	58	-2872420.5410304293	300.4723081268595	0.0772
11.8%	59	-2871557.5410304293	300.23360670855016	0.0773
12.0%	60	-2870697.5410304293	299.8755977815541	0.0774
12.2%	61	-2870133.5410304293	299.4888686403532	0.0771
12.4%	62	-2869922.5410304293	299.35363136297923	0.0771
12.6%	63	-2870085.5410304293	299.4202065805166	0.0772
12.8%	64	-2870155.5410304293	299.5321864071333	0.0772
13.0%	65	-2870085.5410304293	299.4531654149426	0.0772
13.2%	66	-2870331.5410304293	299.53051547687727	0.0773
13.4%	67	-2870636.5410304293	299.6475102852509	0.0773
13.6%	68	-2870989.5410304293	299.7723246483602	0.0774
13.8%	69	-2871509.5410304293	299.9452517493077	0.0772
14.0%	70	-2872445.5410304293	300.13198595481566	0.0772
14.2%	71	-2873594.5410304293	300.6596092448507	0.0772
14.4%	72	-2873865.5410304293	300.9065003693834	0.0772
14.6%	73	-2873262.5410304293	300.8837268808552	0.0772
14.8%	74	-2872706.5410304293	300.5765221186685	0.0773
15.0%	75	-2872863.5410304293	300.5327037071502	0.0773
15.2%	76	-2873535.5410304293	300.7852163314403	0.0773
15.4%	77	-2873793.5410304293	300.92435083862534	0.0774
15.6%	78	-2873337.5410304293	300.89358150753117	0.0772
15.8%	79	-2872647.5410304293	300.7046337736692	0.0772
16.0%	80	-2872211.5410304293	300.48333797832254	0.0772
16.2%	81	-2872101.5410304293	300.4114689425697	0.0773
16.4%	82	-2872007.5410304293	300.37639034869346	0.0773
16.6%	83	-2871929.5410304293	300.3938086921398	0.0773
16.8%	84	-2871708.5410304293	300.30041945678386	0.0772
17.0%	85	-2871614.5410304293	300.29465794282476	0.0772
17.2%	86	-2871623.5410304293	300.25417746414524	0.0772
17.4%	87	-2871530.5410304293	300.2693637458002	0.0773
17.6%	88	-2871513.5410304293	300.2511186133854	0.0773
17.8%	89	-2871420.5410304293	300.2266445424682	0.0771
18.0%	90	-2870949.5410304293	300.0985775589473	0.0772
18.2%	91	-2870827.5410304293	299.91855316602147	0.0772
18.4%	92	-2871239.5410304293	299.9807763528828	0.0772
18.6%	93	-2872213.5410304293	300.24105761289815	0.0772
18.8%	94	-2872865.5410304293	300.6311538843377	0.0772
19.0%	95	-2872585.5410304293	300.68655489914704	0.0772
19.2%	96	-2872031.5410304293	300.488369526366	0.0772
19.4%	97	-2871635.5410304293	300.3180253111602	0.0773
19.6%	98	-2871435.5410304293	300.2640019888076	0.0773
19.8%	99	-2871979.5410304293	300.29179588028444	0.0771
20.0%	100	-2872866.5410304293	300.6091511095471	0.0771
20.2%	101	-2873979.5410304293	300.97022019230553	0.0771
20.4%	102	-2874475.5410304293	301.4245881359997	0.0771
20.6%	103	-2873811.5410304293	301.3895416306928	0.0772
20.8%	104	-2872690.5410304293	301.0164494560995	0.0772
21.0%	105	-2871615.5410304293	300.55652936353886	0.0772
21.2%	106	-2871049.5410304293	300.1138013913134	0.0772
21.4%	107	-2871297.5410304293	300.1094645604104	0.0772
21.6%	108	-2871483.5410304293	300.2300407400743	0.0773
21.8%	109	-2871370.5410304293	300.20949325039726	0.0773
22.0%	110	-2870923.5410304293	300.1877540580038	0.0772
22.2%	111	-2870503.5410304293	299.94520139687296	0.0772
22.4%	112	-2870608.5410304293	299.8401208323264	0.0772
22.6%	113	-2870929.5410304293	299.8629618684466	0.0772
22.8%	114	-2871223.5410304293	299.906400109936	0.0772
23.0%	115	-2871371.5410304293	299.9298919778829	0.0772
23.2%	116	-2871436.5410304293	299.9588917437318	0.0772
23.4%	117	-2871738.5410304293	300.00796269198287	0.0772
23.6%	118	-2872077.5410304293	300.12913902020745	0.0773
23.8%	119	-2872127.5410304293	300.18678165248974	0.0771
24.0%	120	-2871758.5410304293	300.05804575344104	0.0771
24.2%	121	-2871118.5410304293	299.7828777953669	0.0772
24.4%	122	-2871015.5410304293	299.6415081874632	0.0772
24.6%	123	-2871599.5410304293	299.77468177315137	0.0772
24.8%	124	-2872285.5410304293	300.01528658320376	0.0772
25.0%	125	-2872319.5410304293	300.09249972052595	0.0772
25.2%	126	-2871991.5410304293	299.9759372279584	0.0772
25.4%	127	-2871725.5410304293	299.8006641580289	0.0771
25.6%	128	-2871938.5410304293	299.84308462083203	0.0771
25.8%	129	-2872408.5410304293	299.98950805364433	0.0771
26.0%	130	-2872454.5410304293	300.0871724746967	0.0771
26.2%	131	-2871841.5410304293	299.9773390891292	0.0772
26.4%	132	-2871275.5410304293	299.7305378858064	0.0772
26.6%	133	-2871261.5410304293	299.538698295594	0.0772
26.8%	134	-2871958.5410304293	299.7454925291963	0.0772
27.0%	135	-2872445.5410304293	300.0936125742865	0.0772
27.2%	136	-2872254.5410304293	300.2412015614909	0.0771
27.4%	137	-2871607.5410304293	300.04317658241087	0.0771
27.6%	138	-2871097.5410304293	299.73475390589067	0.0772
27.8%	139	-2871361.5410304293	299.5816158187694	0.0772
28.0%	140	-2872393.5410304293	299.94907600032394	0.0772
28.2%	141	-2873187.5410304293	300.3406229076881	0.0772
28.4%	142	-2872992.5410304293	300.5088854418626	0.0772
28.6%	143	-2871649.5410304293	300.17249556586114	0.0772
28.8%	144	-2870370.5410304293	299.6196236203584	0.0771
29.0%	145	-2870073.5410304293	299.32298748949717	0.0771
29.2%	146	-2870689.5410304293	299.46007337053385	0.0771
29.4%	147	-2871475.5410304293	299.78796369365233	0.0771
29.6%	148	-2871727.5410304293	300.011507715805	0.0772
29.8%	149	-2871913.5410304293	300.0408884223347	0.0772
30.0%	150	-2872507.033562107	300.2376283535745	0.0772
30.2%	151	-2873055.033562107	300.47740828143435	0.0772
30.4%	152	-2873022.033562107	300.6597922060703	0.0772
30.6%	153	-2871817.033562107	300.4698627473198	0.0771
30.8%	154	-2870595.033562107	299.8895973207996	0.0771
31.0%	155	-2870443.033562107	299.50980099597666	0.0772
31.2%	156	-2871145.033562107	299.59640235151545	0.0772
31.4%	157	-2872181.033562107	299.9853707698228	0.0772
31.6%	158	-2872675.033562107	300.24175100726785	0.0772
31.8%	159	-2872661.033562107	300.363015582327	0.0771
32.0%	160	-2872649.033562107	300.3235827693466	0.0771
32.2%	161	-2872383.033562107	300.34119927659805	0.0772
32.4%	162	-2871897.033562107	300.1550283712223	0.0772
32.6%	163	-2871481.033562107	300.0037286478465	0.0772
32.8%	164	-2871360.033562107	299.9520701242081	0.0771
33.0%	165	-2871724.033562107	299.9473114415596	0.0771
33.2%	166	-2872089.033562107	300.15483128990684	0.0771
33.4%	167	-2872155.033562107	300.26412319954784	0.0771
33.6%	168	-2871929.033562107	300.2871986683823	0.0771
33.8%	169	-2871721.033562107	300.13838494951375	0.0771
34.0%	170	-2871647.033562107	300.07706818754264	0.0771
34.2%	171	-2871800.033562107	300.07714904920726	0.0771
34.4%	172	-2872349.033562107	300.17445945087707	0.0772
34.6%	173	-2873025.033562107	300.40612435778763	0.0772
34.8%	174	-2873618.033562107	300.71001205505075	0.0771
35.0%	175	-2873714.033562107	300.8329316973516	0.0771
35.2%	176	-2873005.033562107	300.67796348875305	0.0771
35.4%	177	-2872098.033562107	300.35403099109277	0.0771
35.6%	178	-2871367.033562107	300.0360895014771	0.0771
35.8%	179	-2871569.033562107	299.9212396598152	0.0771
36.0%	180	-2872380.033562107	300.2277547416994	0.0771
36.2%	181	-2872711.033562107	300.4438019144361	0.0771
36.4%	182	-2872561.033562107	300.40094056253577	0.0772
36.6%	183	-2872029.033562107	300.3721623120511	0.0772
36.8%	184	-2871467.033562107	300.15201338401295	0.0772
37.0%	185	-2871570.033562107	300.11972344883515	0.0771
37.2%	186	-2871441.033562107	300.13761426920684	0.0771
37.4%	187	-2871085.033562107	300.02643522831454	0.0771
37.6%	188	-2870461.033562107	299.8931151653377	0.0771
37.8%	189	-2870071.033562107	299.614940639543	0.0772
38.0%	190	-2871057.033562107	299.68765776417683	0.0772
38.2%	191	-2872441.033562107	300.26308228666153	0.0772
38.4%	192	-2872854.033562107	300.61539905686146	0.0772
38.6%	193	-2872319.033562107	300.5251742429653	0.0772
38.8%	194	-2871315.033562107	300.1620802816564	0.0771
39.0%	195	-2871124.033562107	299.87706616502555	0.0771
39.2%	196	-2871455.033562107	300.0025122868093	0.0771
39.4%	197	-2871490.033562107	299.98576696679856	0.0771
39.6%	198	-2871200.033562107	299.98170836235926	0.0771
39.8%	199	-2870809.033562107	299.88058539454113	0.0771
40.0%	200	-2870831.2086872123	299.814858582861	0.0772
40.2%	201	-2871441.2086872123	300.0039555295066	0.0772
40.4%	202	-2871653.2086872123	300.1469902589163	0.0771
40.6%	203	-2871574.2086872123	300.19209367917284	0.0771
40.8%	204	-2871751.2086872123	300.1298515328934	0.0771
41.0%	205	-2872517.2086872123	300.32626065176646	0.0771
41.2%	206	-2873328.2086872123	300.71439186813734	0.0771
41.4%	207	-2873241.2086872123	300.8414871826318	0.0771
41.6%	208	-2872360.2086872123	300.6165561730689	0.0771
41.8%	209	-2871539.2086872123	300.18521413955204	0.0772
42.0%	210	-2871503.2086872123	299.9556566689509	0.0772
42.2%	211	-2872153.2086872123	299.98515001487505	0.0771
42.4%	212	-2872880.2086872123	300.2454128728139	0.0771
42.6%	213	-2873411.2086872123	300.5351038119309	0.0771
42.8%	214	-2873515.2086872123	300.681925200877	0.0771
43.0%	215	-2873175.2086872123	300.69230501384027	0.0771
43.2%	216	-2872548.2086872123	300.50916997426776	0.0771
43.4%	217	-2871713.2086872123	300.1841201401277	0.0771
43.6%	218	-2871367.2086872123	299.8794767189328	0.0772
43.8%	219	-2871660.2086872123	299.8877869187167	0.0771
44.0%	220	-2872109.2086872123	300.16219196121176	0.0771
44.2%	221	-2872396.2086872123	300.2842866540451	0.0771
44.4%	222	-2872519.2086872123	300.34145097406275	0.0771
44.6%	223	-2872642.2086872123	300.4067928942434	0.0771
44.8%	224	-2872825.2086872123	300.36764638561095	0.0771
45.0%	225	-2872787.2086872123	300.50801307734986	0.0771
45.2%	226	-2872523.2086872123	300.4381139804278	0.0771
45.4%	227	-2872075.2086872123	300.28190547687655	0.0772
45.6%	228	-2871743.2086872123	300.13066890998704	0.0771
45.8%	229	-2871715.2086872123	300.22443215369907	0.0771
46.0%	230	-2871818.2086872123	300.1876233278364	0.0771
46.2%	231	-2872077.2086872123	300.2781886384848	0.0771
46.4%	232	-2872256.2086872123	300.47090410044467	0.0771
46.6%	233	-2872089.2086872123	300.5071107849466	0.0772
46.8%	234	-2871565.2086872123	300.3978483629715	0.0771
47.0%	235	-2870986.2086872123	300.22596900150285	0.0771
47.2%	236	-2871083.2086872123	300.08768947214304	0.0771
47.4%	237	-2871970.2086872123	300.3611627615215	0.0771
47.6%	238	-2872891.2086872123	300.757708011832	0.0771
47.8%	239	-2873203.2086872123	301.1233680068927	0.0771
48.0%	240	-2872391.2086872123	300.9498699964522	0.0771
48.2%	241	-2871213.2086872123	300.52975824928023	0.0771
48.4%	242	-2870576.2086872123	300.1548306305035	0.0771
48.6%	243	-2870699.2086872123	300.05296810497487	0.0771
48.8%	244	-2871531.2086872123	300.22833504341156	0.0771
49.0%	245	-2872085.2086872123	300.6288362461014	0.0771
49.2%	246	-2871827.2086872123	300.69318173065693	0.0771
49.4%	247	-2870981.2086872123	300.41158459540407	0.0771
49.6%	248	-2869510.2086872123	299.9613441300655	0.0771
49.8%	249	-2868330.2086872123	299.38499238810374	0.0771
50.0%	250	-2867732.936361961	299.0442410893366	0.0771
50.2%	251	-2867813.936361961	298.8536307846918	0.0771
50.4%	252	-2868723.936361961	299.1796662060939	0.0771
50.6%	253	-2869509.936361961	299.6285231177592	0.0771
50.8%	254	-2870264.936361961	299.8561591931974	0.0771
51.0%	255	-2870936.936361961	300.25089926587344	0.0771
51.2%	256	-2871043.936361961	300.3646478848307	0.0771
51.4%	257	-2871109.936361961	300.38050993417744	0.0771
51.6%	258	-2870925.936361961	300.33151633889497	0.0771
51.8%	259	-2870657.936361961	300.170847515912	0.0771
52.0%	260	-2870915.936361961	300.1650184325123	0.0771
52.2%	261	-2870830.936361961	300.2851575263629	0.0771
52.4%	262	-2870814.936361961	300.1539307588376	0.0771
52.6%	263	-2870771.936361961	300.23515350931973	0.0771
52.8%	264	-2870687.936361961	300.22615779009425	0.0771
53.0%	265	-2871010.936361961	300.2808121969206	0.0771
53.2%	266	-2870921.936361961	300.35431442116413	0.0771
53.4%	267	-2870210.936361961	300.20894004409416	0.0771
53.6%	268	-2869534.936361961	299.93187034328355	0.0771
53.8%	269	-2868829.936361961	299.6163812373718	0.0771
54.0%	270	-2869042.936361961	299.55173235142644	0.0771
54.2%	271	-2869832.936361961	299.815782142073	0.0771
54.4%	272	-2870779.936361961	300.1120685885012	0.0771
54.6%	273	-2871478.936361961	300.43918469071485	0.0771
54.8%	274	-2871317.936361961	300.6025790272776	0.0771
55.0%	275	-2870910.162237648	300.4238362906083	0.0771
55.2%	276	-2870670.162237648	300.2675747018559	0.0771
55.4%	277	-2870450.162237648	300.2386871201978	0.0771
55.6%	278	-2870311.162237648	300.24099376785347	0.0771
55.8%	279	-2870129.162237648	300.1707294422067	0.0771
56.0%	280	-2870314.162237648	300.19755280669233	0.0771
56.2%	281	-2871028.162237648	300.4500386064451	0.0771
56.4%	282	-2871472.162237648	300.73575624580565	0.0771
56.6%	283	-2871228.162237648	300.7433945159876	0.0771
56.8%	284	-2870519.162237648	300.42720514203927	0.0771
57.0%	285	-2870364.162237648	300.2732114657104	0.0771
57.2%	286	-2871052.162237648	300.31625677294306	0.077
57.4%	287	-2872046.162237648	300.7047640487456	0.077
57.6%	288	-2872493.162237648	300.99315183541097	0.0771
57.8%	289	-2872096.162237648	301.0951905643919	0.0771
58.0%	290	-2871234.162237648	300.80305896788764	0.0771
58.2%	291	-2870862.162237648	300.5311903061665	0.0771
58.4%	292	-2871073.162237648	300.5906502687086	0.0771
58.6%	293	-2871528.162237648	300.7488499313212	0.0771
58.8%	294	-2871192.162237648	300.85211305365345	0.077
59.0%	295	-2870296.162237648	300.59182460555724	0.0771
59.2%	296	-2869701.162237648	300.24311910794137	0.0771
59.4%	297	-2869708.162237648	300.1539353059428	0.0771
59.6%	298	-2870073.162237648	300.2273696298323	0.0771
59.8%	299	-2870424.162237648	300.3760638867683	0.0771
60.0%	300	-2870142.162237648	300.38649415995127	0.0771
60.2%	301	-2870025.162237648	300.2120266651263	0.0771
60.4%	302	-2869887.162237648	300.23828055202034	0.0771
60.6%	303	-2869686.162237648	300.0640462311582	0.0771
60.8%	304	-2869827.162237648	300.07802847856703	0.0771
61.0%	305	-2870124.162237648	300.18212826251914	0.0771
61.2%	306	-2870836.162237648	300.3640970386523	0.0771
61.4%	307	-2871724.162237648	300.69164693898136	0.0771
61.6%	308	-2872110.162237648	300.93384132797456	0.0771
61.8%	309	-2872349.162237648	300.9206526309812	0.077
62.0%	310	-2872236.162237648	301.0453350743509	0.077
62.2%	311	-2871840.162237648	300.84962888751215	0.0771
62.4%	312	-2871698.162237648	300.7768195350819	0.0771
62.6%	313	-2871280.162237648	300.6530326293782	0.0771
62.8%	314	-2870900.162237648	300.4383391873454	0.077
63.0%	315	-2870600.162237648	300.41456355473053	0.077
63.2%	316	-2870306.162237648	300.22397115419585	0.077
63.4%	317	-2870464.162237648	300.2026173705241	0.077
63.6%	318	-2870872.162237648	300.3157341730259	0.077
63.8%	319	-2871184.162237648	300.44366287249795	0.0771
64.0%	320	-2871369.162237648	300.58425932092257	0.0771
64.2%	321	-2870839.162237648	300.4741378644103	0.0771
64.4%	322	-2870223.162237648	300.2632978172849	0.0771
64.6%	323	-2870082.162237648	300.0984033845186	0.0771
64.8%	324	-2870964.162237648	300.32739444179515	0.077
65.0%	325	-2872588.162237648	300.82512041776437	0.077
65.2%	326	-2873476.162237648	301.3057627215945	0.077
65.4%	327	-2872788.162237648	301.34217555844026	0.077
65.6%	328	-2871261.162237648	300.8938747563652	0.077
65.8%	329	-2870013.162237648	300.25051516785265	0.077
66.0%	330	-2870158.162237648	299.96883309221664	0.077
66.2%	331	-2870999.162237648	300.24018562940074	0.0771
66.4%	332	-2871693.162237648	300.52770276805563	0.0771
66.6%	333	-2871836.162237648	300.8001217364044	0.0771
66.8%	334	-2871572.162237648	300.7596863345893	0.0771
67.0%	335	-2871606.162237648	300.66656114676704	0.077
67.2%	336	-2871900.162237648	300.75186129031835	0.077
67.4%	337	-2871728.162237648	300.783666335688	0.077
67.6%	338	-2871080.162237648	300.6151632103255	0.077
67.8%	339	-2870261.162237648	300.2356694410554	0.0771
68.0%	340	-2870134.162237648	300.00950875879437	0.0771
68.2%	341	-2870752.162237648	300.0619324719656	0.0771
68.4%	342	-2871258.162237648	300.2252397069853	0.0771
68.6%	343	-2871221.162237648	300.33104800592514	0.0771
68.8%	344	-2870811.162237648	300.2907471198095	0.077
69.0%	345	-2870669.162237648	300.1111778283487	0.077
69.2%	346	-2871318.162237648	300.158898906814	0.077
69.4%	347	-2872332.162237648	300.4735931847425	0.0771
69.6%	348	-2872604.162237648	300.8335114871928	0.0771
69.8%	349	-2871778.162237648	300.7491950781219	0.0771
70.0%	350	-2870744.2777230088	300.34087368542754	0.0771
70.2%	351	-2870525.2777230088	300.0360672190904	0.0771
70.4%	352	-2871132.2777230088	300.22856273571034	0.077
70.6%	353	-2871423.2777230088	300.45303904769685	0.077
70.8%	354	-2870751.2777230088	300.40610554110026	0.077
71.0%	355	-2869790.2777230088	300.0736467728833	0.077
71.2%	356	-2869171.2777230088	299.78149962383446	0.077
71.4%	357	-2869377.2777230088	299.67301980422985	0.077
71.6%	358	-2870009.2777230088	299.72685827229844	0.0771
71.8%	359	-2870141.2777230088	299.92325052436365	0.0771
72.0%	360	-2869717.2777230088	299.8549333114756	0.0771
72.2%	361	-2869093.2777230088	299.5486938288822	0.077
72.4%	362	-2868934.2777230088	299.3385405164162	0.077
72.6%	363	-2869651.2777230088	299.60104765426246	0.077
72.8%	364	-2870263.2777230088	299.9651631108888	0.077
73.0%	365	-2870763.2777230088	300.2080976999459	0.0771
73.2%	366	-2871380.2777230088	300.4225467879995	0.0771
73.4%	367	-2871927.2777230088	300.6743393091432	0.0771
73.6%	368	-2872256.2777230088	300.8496104410854	0.0771
73.8%	369	-2871913.2777230088	300.84428333416815	0.077
74.0%	370	-2871157.2777230088	300.5509701036733	0.077
74.2%	371	-2870832.2777230088	300.2952074541511	0.077
74.4%	372	-2870861.2777230088	300.2441680811942	0.077
74.6%	373	-2871413.2777230088	300.4099447979581	0.077
74.8%	374	-2871819.2777230088	300.66579439803445	0.0771
75.0%	375	-2871482.594527697	300.72887130863313	0.0771
75.2%	376	-2870713.594527697	300.4465650165888	0.0771
75.4%	377	-2869858.594527697	300.0844640426613	0.0771
75.6%	378	-2869357.594527697	299.8270131158509	0.077
75.8%	379	-2869317.594527697	299.712497583106	0.077
76.0%	380	-2869398.594527697	299.5620407093668	0.077
76.2%	381	-2869877.594527697	299.68214559605843	0.0771
76.4%	382	-2870176.594527697	299.88493936526544	0.0771
76.6%	383	-2870003.594527697	299.9062886172956	0.0771
76.8%	384	-2869585.594527697	299.7348061484214	0.077
77.0%	385	-2869207.594527697	299.55425945680486	0.077
77.2%	386	-2869297.594527697	299.4392963198988	0.0771
77.4%	387	-2869749.594527697	299.5353854515105	0.0771
77.6%	388	-2870385.594527697	299.625995303216	0.0771
77.8%	389	-2871094.594527697	299.8524045578333	0.077
78.0%	390	-2871463.594527697	300.0554250893483	0.077
78.2%	391	-2871324.594527697	300.080550665146	0.077
78.4%	392	-2870856.594527697	299.95614206460294	0.077
78.6%	393	-2870605.594527697	299.80628355824814	0.077
78.8%	394	-2870835.594527697	299.82842545592234	0.077
79.0%	395	-2871094.594527697	299.98218700280864	0.077
79.2%	396	-2871115.594527697	300.1008152475428	0.0771
79.4%	397	-2870690.594527697	300.0258581725501	0.0771
79.6%	398	-2870249.594527697	299.8638773975883	0.0771
79.8%	399	-2870284.594527697	299.77237816807855	0.077
80.0%	400	-2870925.594527697	299.83000509678965	0.077
80.2%	401	-2871707.594527697	300.1107241800613	0.077
80.4%	402	-2871910.594527697	300.30365585433805	0.077
80.6%	403	-2871560.594527697	300.22413910453514	0.077
80.8%	404	-2871391.594527697	300.04648934426353	0.077
81.0%	405	-2871589.594527697	300.08009039955533	0.0771
81.2%	406	-2872232.594527697	300.28280330601166	0.0771
81.4%	407	-2872611.594527697	300.5469533895062	0.0771
81.6%	408	-2872545.594527697	300.59913270024884	0.0771
81.8%	409	-2872323.594527697	300.4920488037401	0.0771
82.0%	410	-2872125.594527697	300.3763736379836	0.077
82.2%	411	-2872219.594527697	300.37824088709016	0.077
82.4%	412	-2872784.594527697	300.421058188773	0.077
82.6%	413	-2873267.594527697	300.6093162460081	0.0771
82.8%	414	-2873443.594527697	300.69058454278905	0.0771
83.0%	415	-2873251.594527697	300.61792591892095	0.0771
83.2%	416	-2873143.594527697	300.4728346551425	0.0771
83.4%	417	-2873300.594527697	300.5556332063847	0.0771
83.6%	418	-2873509.594527697	300.60752838088086	0.0771
83.8%	419	-2873273.594527697	300.59912476637084	0.077
84.0%	420	-2872535.594527697	300.3193474240811	0.077
84.2%	421	-2871753.594527697	300.1019744434553	0.077
84.4%	422	-2871575.594527697	299.88357194293036	0.0771
84.6%	423	-2872053.594527697	299.99810030671847	0.0771
84.8%	424	-2872617.594527697	300.23726609249303	0.0771
85.0%	425	-2872567.594527697	300.35502543570817	0.0771
85.2%	426	-2871900.594527697	300.1975156254219	0.0771
85.4%	427	-2871148.594527697	299.84834429170377	0.077
85.6%	428	-2871101.594527697	299.64252296674823	0.077
85.8%	429	-2871813.594527697	299.78376430535303	0.0771
86.0%	430	-2872568.594527697	300.09059334274724	0.0771
86.2%	431	-2872904.594527697	300.3285586115522	0.0771
86.4%	432	-2872887.594527697	300.4274577072434	0.0771
86.6%	433	-2872762.594527697	300.4200480617151	0.0771
86.8%	434	-2872953.594527697	300.46409863944314	0.0771
87.0%	435	-2873043.594527697	300.5987100964251	0.0771
87.2%	436	-2872993.594527697	300.50571775500293	0.077
87.4%	437	-2872793.594527697	300.42929609376705	0.077
87.6%	438	-2872436.594527697	300.41260827924185	0.077
87.8%	439	-2872393.594527697	300.39122047128467	0.077
88.0%	440	-2872651.594527697	300.43316417895363	0.0771
88.2%	441	-2872754.594527697	300.4956490131798	0.0771
88.4%	442	-2872669.594527697	300.44684706288035	0.0771
88.6%	443	-2872213.594527697	300.35369543930426	0.0771
88.8%	444	-2871909.594527697	300.15303809877554	0.077
89.0%	445	-2871967.594527697	300.1163040832733	0.077
89.2%	446	-2872021.594527697	300.1405468753467	0.077
89.4%	447	-2871914.594527697	300.0959765046142	0.0771
89.6%	448	-2871452.594527697	300.03314519396906	0.0771
89.8%	449	-2871106.594527697	299.85209879605185	0.0771
90.0%	450	-2871523.594527697	299.89920005010265	0.0771
90.2%	451	-2872330.594527697	300.1942834562879	0.0771
90.4%	452	-2872917.594527697	300.4204633797407	0.0771
90.6%	453	-2872904.594527697	300.5474948507954	0.0771
90.8%	454	-2872448.594527697	300.41577911141934	0.0771
91.0%	455	-2872427.594527697	300.34811151073507	0.0771
91.2%	456	-2872652.594527697	300.47206259127546	0.0771
91.4%	457	-2872952.594527697	300.5777464575616	0.0771
91.6%	458	-2872989.594527697	300.674145407971	0.0771
91.8%	459	-2872661.594527697	300.63931118055604	0.077
92.0%	460	-2872413.594527697	300.5606656282202	0.0771
92.2%	461	-2872576.594527697	300.54054891795744	0.0771
92.4%	462	-2872812.594527697	300.5611408613447	0.0771
92.6%	463	-2873021.594527697	300.6917506840464	0.0771
92.8%	464	-2872678.594527697	300.64521843671287	0.077
93.0%	465	-2872311.594527697	300.5002638311907	0.077
93.2%	466	-2871979.594527697	300.45905079657825	0.077
93.4%	467	-2871802.594527697	300.25586583766176	0.077
93.6%	468	-2871959.594527697	300.2701093528267	0.077
93.8%	469	-2872346.594527697	300.40396412749965	0.0771
94.0%	470	-2872506.594527697	300.52463381558624	0.0771
94.2%	471	-2872431.594527697	300.5456085401825	0.0771
94.4%	472	-2871921.594527697	300.43186054057236	0.0771
94.6%	473	-2871709.594527697	300.23236581713525	0.0771
94.8%	474	-2871931.594527697	300.1749645936521	0.077
95.0%	475	-2872487.022368299	300.3220794214423	0.077
95.2%	476	-2873139.022368299	300.6083048737137	0.077
95.4%	477	-2873498.022368299	300.9431715343203	0.0771
95.6%	478	-2873301.022368299	300.96529655994004	0.0771
95.8%	479	-2872905.022368299	300.8420872924856	0.0771
96.0%	480	-2872435.022368299	300.6790166088915	0.0771
96.2%	481	-2872036.022368299	300.50252286820876	0.0771
96.4%	482	-2871579.022368299	300.34815546916445	0.0771
96.6%	483	-2871252.022368299	300.1859728853936	0.0771
96.8%	484	-2871312.022368299	300.12350048643157	0.0771
97.0%	485	-2871440.022368299	300.1228630558133	0.077
97.2%	486	-2871714.022368299	300.1691273019643	0.077
97.4%	487	-2871783.022368299	300.1715795847394	0.0771
97.6%	488	-2871775.022368299	300.23283037920214	0.0771
97.8%	489	-2871754.022368299	300.20089788752875	0.0771
98.0%	490	-2872028.022368299	300.29502748202225	0.0771
98.2%	491	-2872438.022368299	300.4093683024031	0.0771
98.4%	492	-2872506.022368299	300.58730386615633	0.0771
98.6%	493	-2871904.022368299	300.5204679895876	0.0771
98.8%	494	-2871531.022368299	300.2974644865691	0.0771
99.0%	495	-2871860.022368299	300.33499305425136	0.0771
99.2%	496	-2872892.022368299	300.565976058245	0.0771
99.4%	497	-2873643.022368299	301.02011442161927	0.0771
99.6%	498	-2873834.022368299	301.16759832749557	0.0771
99.8%	499	-2874058.022368299	301.1872502760945	0.0771
100.0%	500	-2874459.4628665727	301.2810788934539	0.0771
