Run semi-empirical minimization
 &qmmm
    qm_theory='AM1', grms_tol=0.0005,
 scfconv=1.d-10, ndiis_attempts=700,   qmcharge=0,
 /
   6    C1        0.9950       -2.0490        0.0000 
   6    C2        1.0990       -0.5420        0.0000 
   8    O1       -0.2330       -0.0340        0.0000 
   6    C3       -0.2680        1.3920        0.0000 
   6    C4       -1.7240        1.7960       -0.0000 
   1    H1        2.0190       -2.4920       -0.0000 
   1    H2        0.4430       -2.4010        0.9040 
   1    H3        0.4430       -2.4010       -0.9040 
   1    H4        1.6400       -0.1730        0.9130 
   1    H5        1.6400       -0.1730       -0.9130 
   1    H6        0.2600        1.7790        0.9130 
   1    H7        0.2600        1.7790       -0.9130 
   1    H8       -1.8010        2.9090        0.0000 
   1    H9       -2.2400        1.3930       -0.9040 
   1   H10       -2.2400        1.3930        0.9040 

